0.0 0.003 0.1 0.0 0.2 0.015 0.3 0.016 0.4 0.026 0.5 0.025 0.6 0.023 0.7 0.033 0.8 0.033 0.9 0.032 1.0 0.05 1.1 0.054 1.2 0.061 1.3 0.053 1.4 0.067 1.5 0.073 1.6 0.071 1.7 0.076 1.8 0.072 1.9 0.089
0.0 -0.006 0.1 0.011 0.2 0.002 0.3 0.012 0.4 0.016 0.5 0.009 0.6 0.007 0.7 0.023 0.8 0.025 0.9 0.024 1.0 0.026 1.1 0.021 1.2 0.03 1.3 0.039 1.4 0.039 1.5 0.041 1.6 0.028 1.7 0.039 1.8 0.042 1.9 0.046
0.0 0.001 0.1 0.009 0.2 0.014 0.3 0.025 0.4 0.031 0.5 0.043 0.6 0.056 0.7 0.063 0.8 0.063 0.9 0.074 1.0 0.086 1.1 0.096 1.2 0.091 1.3 0.104 1.4 0.116 1.5 0.13 1.6 0.132 1.7 0.139 1.8 0.159 1.9 0.168
0.0 0.01 0.1 0.007 0.2 0.005 0.3 -0.009 0.4 -0.003 0.5 -0.009 0.6 -0.011 0.7 -0.017 0.8 -0.014 0.9 -0.022 1.0 -0.028 1.1 -0.017 1.2 -0.021 1.3 -0.032 1.4 -0.036 1.5 -0.026 1.6 -0.047 1.7 -0.048 1.8 -0.05 1.9 -0.044
0.0 0.008 0.1 0.003 0.2 -0.002 0.3 0.013 0.4 0.009 0.5 0.017 0.6 0.035 0.7 0.032 0.8 0.029 0.9 0.04 1.0 0.032 1.1 0.055 1.2 0.05 1.3 0.057 1.4 0.051 1.5 0.07 1.6 0.064 1.7 0.073 1.8 0.077 1.9 0.087
0.0 -0.007 0.1 -0.004 0.2 0.014 0.3 0.006 0.4 0.018 0.5 0.024 0.6 0.018 0.7 0.035 0.8 0.028 0.9 0.036 1.0 0.048 1.1 0.047 1.2 0.038 1.3 0.048 1.4 0.051 1.5 0.062 1.6 0.059 1.7 0.064 1.8 0.064 1.9 0.072
0.0 -0.009 0.1 0.018 0.2 0.023 0.3 0.026 0.4 0.037 0.5 0.039 0.6 0.057 0.7 0.064 0.8 0.065 0.9 0.092 1.0 0.096 1.1 0.096 1.2 0.102 1.3 0.121 1.4 0.133 1.5 0.134 1.6 0.155 1.7 0.163 1.8 0.159 1.9 0.179
0.0 -0.005 0.1 0.01 0.2 0.002 0.3 0.018 0.4 0.015 0.5 0.014 0.6 0.026 0.7 0.027 0.8 0.03 0.9 0.022 1.0 0.041 1.1 0.03 1.2 0.037 1.3 0.041 1.4 0.049 1.5 0.042 1.6 0.053 1.7 0.052 1.8 0.059 1.9 0.064
0.0 0.001 0.1 0.019 0.2 0.02 0.3 0.03 0.4 0.041 0.5 0.053 0.6 0.059 0.7 0.065 0.8 0.071 0.9 0.09 1.0 0.09 1.1 0.11 1.2 0.126 1.3 0.123 1.4 0.147 1.5 0.15 1.6 0.147 1.7 0.164 1.8 0.181 1.9 0.179
0.0 0.004 0.1 0.006 0.2 0.012 0.3 0.032 0.4 0.042 0.5 0.045 0.6 0.053 0.7 0.063 0.8 0.066 0.9 0.084 1.0 0.08 1.1 0.089 1.2 0.097 1.3 0.117 1.4 0.122 1.5 0.137 1.6 0.138 1.7 0.151 1.8 0.16 1.9 0.163
0.0 -0.004 0.1 0.001 0.2 0.018 0.3 0.028 0.4 0.023 0.5 0.024 0.6 0.036 0.7 0.039 0.8 0.056 0.9 0.065 1.0 0.055 1.1 0.073 1.2 0.074 1.3 0.08 1.4 0.087 1.5 0.099 1.6 0.101 1.7 0.116 1.8 0.116 1.9 0.13
0.0 -0.005 0.1 -0.004 0.2 -0.02 0.3 -0.024 0.4 -0.034 0.5 -0.056 0.6 -0.048 0.7 -0.076 0.8 -0.072 0.9 -0.083 1.0 -0.096 1.1 -0.095 1.2 -0.122 1.3 -0.12 1.4 -0.123 1.5 -0.152 1.6 -0.152 1.7 -0.157 1.8 -0.176 1.9 -0.19
0.0 0.004 0.1 -0.008 0.2 -0.014 0.3 -0.004 0.4 -0.005 0.5 -0.012 0.6 -0.022 0.7 -0.025 0.8 -0.018 0.9 -0.023 1.0 -0.027 1.1 -0.025 1.2 -0.042 1.3 -0.043 1.4 -0.037 1.5 -0.05 1.6 -0.039 1.7 -0.057 1.8 -0.052 1.9 -0.057
0.0 0.005 0.1 -0.009 0.2 -0.002 0.3 -0.007 0.4 -0.009 0.5 -0.009 0.6 -0.024 0.7 -0.032 0.8 -0.028 0.9 -0.026 1.0 -0.029 1.1 -0.043 1.2 -0.035 1.3 -0.048 1.4 -0.042 1.5 -0.056 1.6 -0.058 1.7 -0.053 1.8 -0.056 1.9 -0.076
0.0 0.006 0.1 0.005 0.2 0.009 0.3 0.012 0.4 0.02 0.5 0.038 0.6 0.031 0.7 0.042 0.8 0.044 0.9 0.064 1.0 0.069 1.1 0.083 1.2 0.081 1.3 0.091 1.4 0.093 1.5 0.103 1.6 0.102 1.7 0.12 1.8 0.129 1.9 0.121
0.0 -0.003 0.1 0.005 0.2 -0.004 0.3 0.011 0.4 0.003 0.5 0.012 0.6 0.021 0.7 0.02 0.8 0.019 0.9 0.027 1.0 0.019 1.1 0.017 1.2 0.019 1.3 0.022 1.4 0.036 1.5 0.031 1.6 0.043 1.7 0.032 1.8 0.05 1.9 0.047
0.0 -0.001 0.1 -0.011 0.2 -0.012 0.3 -0.024 0.4 -0.023 0.5 -0.027 0.6 -0.036 0.7 -0.039 0.8 -0.044 0.9 -0.055 1.0 -0.053 1.1 -0.069 1.2 -0.063 1.3 -0.077 1.4 -0.07 1.5 -0.079 1.6 -0.08 1.7 -0.089 1.8 -0.1 1.9 -0.101
0.0 -0.004 0.1 -0.014 0.2 -0.017 0.3 -0.014 0.4 -0.03 0.5 -0.04 0.6 -0.046 0.7 -0.04 0.8 -0.056 0.9 -0.052 1.0 -0.074 1.1 -0.067 1.2 -0.074 1.3 -0.092 1.4 -0.091 1.5 -0.101 1.6 -0.113 1.7 -0.104 1.8 -0.126 1.9 -0.124
0.0 0.003 0.1 -0.01 0.2 -0.007 0.3 -0.017 0.4 -0.023 0.5 -0.028 0.6 -0.028 0.7 -0.032 0.8 -0.044 0.9 -0.034 1.0 -0.049 1.1 -0.041 1.2 -0.045 1.3 -0.055 1.4 -0.071 1.5 -0.075 1.6 -0.067 1.7 -0.07 1.8 -0.083 1.9 -0.09
0.0 -0.003 0.1 0.007 0.2 0.011 0.3 0.007 0.4 0.008 0.5 0.014 0.6 0.01 0.7 0.018 0.8 0.012 0.9 0.022 1.0 0.016 1.1 0.02 1.2 0.026 1.3 0.023 1.4 0.024 1.5 0.025 1.6 0.029 1.7 0.035 1.8 0.048 1.9 0.045
0.0 -0.001 0.1 -0.002 0.2 0.009 0.3 0.015 0.4 0.035 0.5 0.039 0.6 0.051 0.7 0.061 0.8 0.062 0.9 0.071 1.0 0.081 1.1 0.082 1.2 0.083 1.3 0.095 1.4 0.107 1.5 0.107 1.6 0.116 1.7 0.132 1.8 0.13 1.9 0.139
0.0 -0.005 0.1 0.009 0.2 0.006 0.3 0.009 0.4 0.022 0.5 0.014 0.6 0.026 0.7 0.014 0.8 0.022 0.9 0.025 1.0 0.038 1.1 0.044 1.2 0.036 1.3 0.037 1.4 0.043 1.5 0.039 1.6 0.046 1.7 0.058 1.8 0.064 1.9 0.055
0.0 0.007 0.1 -0.005 0.2 -0.006 0.3 -0.017 0.4 -0.006 0.5 -0.023 0.6 -0.016 0.7 -0.031 0.8 -0.038 0.9 -0.028 1.0 -0.034 1.1 -0.039 1.2 -0.046 1.3 -0.051 1.4 -0.056 1.5 -0.06 1.6 -0.057 1.7 -0.066 1.8 -0.06 1.9 -0.07
0.0 0.006 0.1 0.01 0.2 0.003 0.3 0.012 0.4 0.012 0.5 0.014 0.6 0.032 0.7 0.024 0.8 0.036 0.9 0.033 1.0 0.037 1.1 0.042 1.2 0.048 1.3 0.05 1.4 0.06 1.5 0.054 1.6 0.062 1.7 0.078 1.8 0.08 1.9 0.067
0.0 0.004 0.1 0.004 0.2 -0.006 0.3 -0.01 0.4 -0.002 0.5 -0.021 0.6 -0.013 0.7 -0.026 0.8 -0.013 0.9 -0.014 1.0 -0.02 1.1 -0.036 1.2 -0.027 1.3 -0.044 1.4 -0.044 1.5 -0.04 1.6 -0.04 1.7 -0.041 1.8 -0.045 1.9 -0.05
0.0 0.008 0.1 0.005 0.2 0.008 0.3 0.003 0.4 0.005 0.5 0.004 0.6 0.008 0.7 0.014 0.8 0.025 0.9 0.015 1.0 0.018 1.1 0.018 1.2 0.032 1.3 0.026 1.4 0.029 1.5 0.032 1.6 0.032 1.7 0.029 1.8 0.03 1.9 0.032
0.0 0.01 0.1 0.01 0.2 0.003 0.3 0.01 0.4 0.013 0.5 0.009 0.6 0.017 0.7 0.014 0.8 0.008 0.9 0.022 1.0 0.015 1.1 0.01 1.2 0.022 1.3 0.029 1.4 0.028 1.5 0.024 1.6 0.034 1.7 0.034 1.8 0.024 1.9 0.02
0.0 0.01 0.1 -0.006 0.2 -0.019 0.3 -0.029 0.4 -0.049 0.5 -0.052 0.6 -0.066 0.7 -0.07 0.8 -0.077 0.9 -0.096 1.0 -0.091 1.1 -0.113 1.2 -0.119 1.3 -0.127 1.4 -0.136 1.5 -0.145 1.6 -0.16 1.7 -0.166 1.8 -0.183 1.9 -0.194
0.0 0.005 0.1 -0.003 0.2 -0.004 0.3 -0.002 0.4 -0.002 0.5 0.015 0.6 0.016 0.7 0.01 0.8 0.007 0.9 0.013 1.0 0.021 1.1 0.019 1.2 0.022 1.3 0.024 1.4 0.018 1.5 0.028 1.6 0.02 1.7 0.028 1.8 0.015 1.9 0.021
0.0 -0.005 0.1 -0.002 0.2 -0.022 0.3 -0.027 0.4 -0.035 0.5 -0.037 0.6 -0.05 0.7 -0.063 0.8 -0.069 0.9 -0.069 1.0 -0.082 1.1 -0.092 1.2 -0.1 1.3 -0.101 1.4 -0.117 1.5 -0.112 1.6 -0.13 1.7 -0.139 1.8 -0.128 1.9 -0.147